Static Matrix:
  1.66667        -1         0         0 -0.666667         0         0         0         0         0         0         1
       -1   1.68667         0         0     -0.02 -0.666667         0         0        -1         0         0        -1
        0         0        10       -10         0         0         0         0         1         0         0         0
        0         0       -10      10.1         0         0         0         0         0         0         0         0
-0.666667     -0.02         0         0   10.6867       -10         0         0         0         1         0         0
        0 -0.666667         0         0       -10   10.6667         0         0         0         0        -1         0
        0         0         0         0         0         0         0         0         0         0         1         0
        0         0         0         0         0         0         0     0.001         0         0         0         0
        0        -1         1         0         0         0         0         0         0         0         0         0
        0         0         0         0         1         0         0         0         0         0         0         0
        0         0         0         0         0        -1         1         0         0         0         0         0
        1        -1         0         0         0         0         0         0         0         0         0         0
Source Vector:
     0
     0
     0
-0.001
     0
 0.001
     0
 0.001
   0.2
     2
     2
     0

